9.989132304263435014e-01 3.543055544912606519e-02 3.028256626795727824e-02 -1.608489583304617554e-05
-4.660849093876959920e-02 7.604822861990896410e-01 6.476838279205500148e-01 8.211628301069140434e-04
-8.155744879031513739e-05 -6.483913695585193926e-01 7.613071819117498418e-01 1.641395356273278594e-04
0.000000000000000000e+00 0.000000000000000000e+00 0.000000000000000000e+00 1.000000000000000000e+00
