9.995041626513588851e-01 2.390397041500110648e-02 2.049461004763410144e-02 -1.512815651949495077e-04
-3.148221773224754022e-02 7.473797072747754289e-01 6.636508442852540046e-01 2.585460897535085678e-04
5.466344895737745846e-04 -6.639669971860573394e-01 7.477616785035623437e-01 -8.733347931411117315e-05
0.000000000000000000e+00 0.000000000000000000e+00 0.000000000000000000e+00 1.000000000000000000e+00
