%YAML:1.0
---
rvec: !!opencv-matrix
   rows: 3
   cols: 1
   dt: d
   data: [ -0.42217313418052976, 0.083985840912259427,
       2.8113621107567877 ]
tvec: !!opencv-matrix
   rows: 3
   cols: 1
   dt: d
   data: [ 0.059189878538396863, 0.053042287450677655,
       0.40285931939214331 ]
