%YAML:1.0
---
cameraMatrix: !!opencv-matrix
   rows: 3
   cols: 3
   dt: d
   data: [ 612.6083984375, 0., 640.03094482421875, 0., 612.3465576171875,
       369.16494750976562, 0., 0., 1. ]
distCoeffs: !!opencv-matrix
   rows: 5
   cols: 1
   dt: d
   data: [ 0.66792446374893188, -2.6938982009887695,
       0.00090351578546687961, -0.00019310918287374079,
       1.4591891765594482 ]
