9.996429844362225703e-01 2.015964336518308309e-02 1.753546254966416307e-02 2.223463161499239504e-05
-2.671648711875435067e-02 7.631242559463833341e-01 6.456993102848354038e-01 4.010519478470087051e-04
-3.646689944011606566e-04 -6.459372715408728816e-01 7.633904035621990047e-01 3.563709906302392483e-04
0.000000000000000000e+00 0.000000000000000000e+00 0.000000000000000000e+00 1.000000000000000000e+00
