9.989078270798046333e-01 3.549177356440295222e-02 3.038892903601971701e-02 -1.273072412004694343e-04
-4.672403690940966220e-02 7.606032650249948679e-01 6.475334258617122529e-01 8.989190682768821716e-04
-1.318089193434665574e-04 -6.482461008309812200e-01 7.614308736739259231e-01 2.646165085025131702e-04
0.000000000000000000e+00 0.000000000000000000e+00 0.000000000000000000e+00 1.000000000000000000e+00
