9.994994538822620234e-01 2.402204778623929018e-02 2.058598817680690890e-02 -2.680969600987737067e-06
-3.163130856684966130e-02 7.475262108054960830e-01 6.634787294835651217e-01 1.335945562459528446e-04
5.495520073123174448e-04 -6.637977895254945082e-01 7.479118882687041392e-01 -5.955282176728360355e-06
0.000000000000000000e+00 0.000000000000000000e+00 0.000000000000000000e+00 1.000000000000000000e+00
