9.989156676039920857e-01 3.540440747685890538e-02 3.023271318428690305e-02 -1.680443710938561708e-05
-4.655626125083087846e-02 7.604706503217660840e-01 6.477012463609549409e-01 7.229135371744632721e-04
-5.961220681346274253e-05 -6.484064450099201737e-01 7.612943442033325292e-01 1.595945359440520406e-04
0.000000000000000000e+00 0.000000000000000000e+00 0.000000000000000000e+00 1.000000000000000000e+00
