9.996441015927459706e-01 2.017562605910368581e-02 1.745320211179252762e-02 -7.184977584984153509e-05
-2.667559470422590021e-02 7.630323910902723217e-01 6.458095561341884450e-01 6.028946372680366039e-04
-2.877464295837264124e-04 -6.460452880875958703e-01 7.632990259012567558e-01 1.772126997821033001e-04
0.000000000000000000e+00 0.000000000000000000e+00 0.000000000000000000e+00 1.000000000000000000e+00
