9.995051350970556303e-01 2.392459434213681929e-02 2.042299439799868249e-02 -2.262961061205714941e-04
-3.145007395870789285e-02 7.473640452857388539e-01 6.636700058478821607e-01 4.607719602063298225e-04
6.146239568178800405e-04 -6.639838835391265182e-01 7.477466313114966567e-01 -7.002773782005533576e-05
0.000000000000000000e+00 0.000000000000000000e+00 0.000000000000000000e+00 1.000000000000000000e+00
