9.989053880150249309e-01 3.553392087590473425e-02 3.041983336143514946e-02 -4.170784450252540410e-05
-4.677616427130031063e-02 7.605938568017209800e-01 6.475407133544170968e-01 9.657696355134248734e-04
-1.274779073768515791e-04 -6.482548306512401215e-01 7.614234421704620948e-01 2.558673731982707977e-04
0.000000000000000000e+00 0.000000000000000000e+00 0.000000000000000000e+00 1.000000000000000000e+00
