9.995015884434701459e-01 2.397926783431104242e-02 2.053215558850150085e-02 -7.848095265217125416e-05
-3.156356754920844332e-02 7.475143274194736565e-01 6.634953439973625411e-01 2.060264087049290538e-04
5.620520853204091088e-04 -6.638127183300590595e-01 7.478986288800849591e-01 -9.722859977046027780e-05
0.000000000000000000e+00 0.000000000000000000e+00 0.000000000000000000e+00 1.000000000000000000e+00
