9.996415178509049371e-01 2.023002537976237997e-02 1.753801191335483539e-02 1.256297309737419710e-05
-2.677186996510488165e-02 7.631087696138429965e-01 6.457153186327688754e-01 5.268026725389063358e-04
-3.205734086308593966e-04 -6.459533665920327294e-01 7.633768043509763235e-01 2.783119562081992626e-04
0.000000000000000000e+00 0.000000000000000000e+00 0.000000000000000000e+00 1.000000000000000000e+00
