9.989271152937394538e-01 3.566508764983947199e-02 2.954013970612488771e-02 2.067735913442447782e-04
-4.630336906111978679e-02 7.583870088859976377e-01 6.501577829777472894e-01 1.155334757640957832e-03
7.850761223241221887e-04 -6.508280466266639364e-01 7.592247607787848684e-01 1.745031186146661639e-04
0.000000000000000000e+00 0.000000000000000000e+00 0.000000000000000000e+00 1.000000000000000000e+00
