9.996654897719977617e-01 1.992123094484310117e-02 1.649403275593923357e-02 -2.999553980771452188e-04
-2.586115894759919917e-02 7.617899773300303989e-01 6.473076786949146788e-01 9.140526526607573032e-04
3.301769204239590055e-04 -6.475177024585151431e-01 7.620503369109203895e-01 3.371283237356692553e-04
0.000000000000000000e+00 0.000000000000000000e+00 0.000000000000000000e+00 1.000000000000000000e+00
