9.995104117358923901e-01 2.384760568938485911e-02 2.025409920066888886e-02 2.708483079914003611e-04
-3.127814832077528695e-02 7.453693842305484374e-01 6.659175312975298411e-01 -6.998476601438596845e-05
7.837532586850801813e-04 -6.662250166082452907e-01 7.457503690754518910e-01 1.756453712005168200e-04
0.000000000000000000e+00 0.000000000000000000e+00 0.000000000000000000e+00 1.000000000000000000e+00
