9.989173417816323841e-01 3.538619383257150808e-02 3.019870152773143634e-02 1.348906789644388482e-05
-4.652034352868231193e-02 7.604487942788358268e-01 6.477294874543215730e-01 1.225196989253163338e-03
-4.388497141899136422e-05 -6.484330717706403568e-01 7.612716660353260334e-01 3.167118702549487352e-04
0.000000000000000000e+00 0.000000000000000000e+00 0.000000000000000000e+00 1.000000000000000000e+00
