9.995062182488642089e-01 2.391512696631465512e-02 2.038103000436561341e-02 -1.980106317205354571e-04
-3.141510794125192130e-02 7.473408755707492412e-01 6.636977525155447477e-01 3.678618522826582193e-04
6.408392101706263805e-04 -6.640103029346238195e-01 7.477231485795901023e-01 -2.827868593158200383e-05
0.000000000000000000e+00 0.000000000000000000e+00 0.000000000000000000e+00 1.000000000000000000e+00
