9.996452811866159971e-01 2.016056966144966558e-02 1.740296619134992090e-02 -1.275876566069200635e-04
-2.663168101063591656e-02 7.629491690285210570e-01 6.459096833499532453e-01 7.686434546485543251e-04
-2.556714281402357875e-04 -6.461440372777690344e-01 7.632154464648273073e-01 2.241384208900853992e-04
0.000000000000000000e+00 0.000000000000000000e+00 0.000000000000000000e+00 1.000000000000000000e+00
